% -*- mode: Erlang; -*-
%
% These wire samples were produced using dnspython - http://www.dnspython.org/
%
% {1,42,<<0,1,21,3,192,168,32,0,1,28,131,192,168,38>>}.
% {1,42,<<0,1,4,1,224,0,2,8,1,255>>}.
% {1,27,<<8,45,50,50,46,54,56,56,50,8,49,49,54,46,56,54,53,50,5,50,53,48,46,48>>}.
% {1,55,<<16,2,0,132,32,1,0,16,123,26,116,223,54,86,57,204,57,241,213,120,3,1,0,1,183,113,202,19,110,74,235,92,228,67,51,197,59,61,44,19,194,34,67,133,31,199,8,188,206,41,247,226,235,87,135,181,245,108,202,211,79,130,35,172,193,9,4,221,181,107,46,196,166,214,35,47,59,80,234,9,79,9,20,179,185,65,187,229,41,175,88,44,54,187,173,239,218,242,173,175,155,73,17,144,111,91,37,34,96,60,97,82,114,184,128,236,143,185,48,204,110,227,156,68,77,170,117,177,103,143,0,90,75,36,153,209,218,84,51,248,5,199,165,173,50,55,172,197,221,92,94,67,4,114,118,115,49,7,101,120,97,109,112,108,101,3,99,111,109,0,4,114,118,115,50,0>>}.
% {1,55,<<16,2,0,132,32,1,0,16,123,26,116,223,54,86,57,204,57,241,213,120,3,1,0,1,183,113,202,19,110,74,235,92,228,67,51,197,59,61,44,19,194,34,67,133,31,199,8,188,206,41,247,226,235,87,135,181,245,108,202,211,79,130,35,172,193,9,4,221,181,107,46,196,166,214,35,47,59,80,234,9,79,9,20,179,185,65,187,229,41,175,88,44,54,187,173,239,218,242,173,175,155,73,17,144,111,91,37,34,96,60,97,82,114,184,128,236,143,185,48,204,110,227,156,68,77,170,117,177,103,143,0,90,75,36,153,209,218,84,51,248,5,199,165,173,50,55,172,197,221,92,94,67,4,114,118,115,49,7,101,120,97,109,112,108,101,3,99,111,109,0,4,114,118,115,50,7,101,120,97,109,112,108,101,0>>}.
% {1,25,<<10,0,3,1,1,3,5,15,154,218,115,48,137,29,88,138,180,182,33,88,108,252,132,198,61,80,100,110,158,34,67,7,48,187,195,70,145,203,53,153,174,35,186,139,106,29,25,101,144,86,231,25,168,165,108,16,213,189,212,131,150,226,250,174,118,120,15,102,198,55,26,244,63,197,80,60,255,186,114,22,62,155,236,75,32,107,173,51,200,101,186,44,87,189,175,201,250,165,161,235,148,110,104,142,167,244,5,170,135,79,239>>}.
% {1,22,<<71,0,5,128,0,90,0,0,0,0,1,225,51,255,255,255,0,1,97,0>>}.
% {1,23,<<0>>}.
% {1,23,<<3,102,111,111,0>>}.
% {1,24,<<0,30,1,3,0,0,14,16,94,11,225,0,62,18,47,128,8,95,3,102,111,111,0,51,17,92,111,47,100,255,43,222,116,199,208,128,172,225,31,151,171,208,203,191,188,130,243,227,146,36,178,71,30,20,104,34,88,41,255,27,17,225,106,46,149,2,225,192,160,213,51,225,138,20,214,213,95,72,36,170,65,137,250,255,253,117,83,163,101,119,205,35,17,224,188,105,58,206,248,162,166,9,166>>}.
% {1,24,<<0,30,1,3,0,0,14,16,94,11,225,0,62,18,47,128,8,95,3,102,111,111,7,101,120,97,109,112,108,101,0,51,17,92,111,47,100,255,43,222,116,199,208,128,172,225,31,151,171,208,203,191,188,130,243,227,146,36,178,71,30,20,104,34,88,41,255,27,17,225,106,46,149,2,225,192,160,213,51,225,138,20,214,213,95,72,36,170,65,137,250,255,253,117,83,163,101,119,205,35,17,224,188,105,58,206,248,162,166,9,166>>}.
% {1,19,<<49,50,51,52,53,54,55,56,57>>}.
% {1,20,<<12,105,115,100,110,45,97,100,100,114,101,115,115,10,115,117,98,97,100,100,114,101,115,115>>}.
% {1,20,<<12,105,115,100,110,45,97,100,100,114,101,115,115>>}.
% {1,26,<<255,255,0,0>>}.
% {1,26,<<255,255,3,102,111,111,0,3,98,97,114,0>>}.
% {1,11,<<10,0,0,1,17,224,0,0,0,0,0,4>>}.
% {1,11,<<10,0,0,1,6,224,0,5>>}.
% {1,11,<<10,0,0,2,6,0,0,0,0,0,0,0,0,0,0,0,0,0,0,0,0,0,0,0,0,0,0,0,0,0,0,0,0,0,0,0,0,0,0,0,0,0,0,0,0,0,0,0,0,0,0,0,0,0,0,0,0,0,0,0,0,0,0,0,0,0,0,0,0,0,0,0,0,0,0,0,0,0,0,0,0,0,0,0,0,0,0,0,0,0,0,0,0,0,0,0,0,0,0,0,0,0,0,0,0,0,0,0,0,0,0,0,0,0,0,0,0,0,0,0,0,0,0,0,0,0,0,0,0,0,0,0,0,0,0,0,0,0,0,0,0,0,0,0,0,0,0,0,0,0,0,0,0,0,0,0,0,0,0,0,0,0,0,0,0,0,0,0,0,0,0,0,0,0,0,0,0,0,0,0,0,0,0,0,0,0,0,0,0,0,0,0,0,0,0,0,0,0,0,0,0,0,0,0,0,0,0,0,0,0,0,0,0,0,0,0,0,0,0,0,0,0,0,0,0,0,0,0,0,0,0,0,0,0,0,0,0,0,0,0,0,0,0,0,0,0,0,0,0,0,0,0,0,0,0,0,0,0,0,0,0,0,0,0,0,0,0,0,0,0,0,0,0,0,0,0,0,0,0,0,0,0,0,0,0,0,0,0,0,0,0,0,0,0,0,0,0,0,0,0,0,0,0,0,0,0,0,0,0,0,0,0,0,0,0,0,0,0,0,0,0,0,0,0,0,0,0,0,0,0,0,0,0,0,0,0,0,0,0,0,0,0,0,0,0,0,0,0,0,0,0,0,0,0,0,0,0,0,0,0,0,0,0,0,0,0,0,0,0,0,0,0,0,0,0,0,0,0,0,0,0,0,0,0,0,0,0,0,0,0,0,0,0,0,0,0,0,0,0,0,0,0,0,0,0,0,0,0,0,0,0,0,0,0,0,0,0,0,0,0,0,0,0,0,0,0,0,0,0,0,0,0,0,0,0,0,0,0,0,0,0,0,0,0,0,0,0,0,0,0,0,0,0,0,0,0,0,0,0,0,0,0,0,0,0,0,0,0,0,0,0,0,0,0,0,0,0,0,0,0,0,0,0,0,0,0,0,0,0,0,0,0,0,0,0,0,0,0,0,0,0,0,0,0,0,0,0,0,0,0,0,0,0,0,0,0,0,0,0,0,0,0,0,0,0,0,0,0,0,0,0,0,0,0,0,0,0,0,0,0,0,0,0,0,0,0,0,0,0,0,0,0,0,0,0,0,0,0,0,0,0,0,0,0,0,0,0,0,0,0,0,0,0,0,0,0,0,0,0,0,0,0,0,0,0,0,0,0,0,0,0,0,0,0,0,0,0,0,0,0,0,0,0,0,0,0,0,0,0,0,0,0,0,0,0,0,0,0,0,0,0,0,0,0,0,0,0,0,0,0,0,0,0,0,0,0,0,0,0,0,0,0,0,0,0,0,0,0,0,0,0,0,0,0,0,0,0,0,0,0,0,0,0,0,0,0,0,0,0,0,0,0,0,0,0,0,0,0,0,0,0,0,0,0,0,0,0,0,0,0,0,0,0,0,0,0,0,0,0,0,0,0,0,0,0,0,0,0,0,0,0,0,0,0,0,0,0,0,0,0,0,0,0,0,0,0,0,0,0,0,0,0,0,0,0,0,0,0,0,0,0,0,0,0,0,0,0,0,0,0,0,0,0,0,0,0,0,0,0,0,0,0,0,0,0,0,0,0,0,0,0,0,0,0,0,0,0,0,0,0,0,0,0,0,0,0,0,0,0,0,0,0,0,0,0,0,0,0,0,0,0,0,0,0,0,0,0,0,0,0,0,0,0,0,0,0,0,0,0,0,0,0,0,0,0,0,0,0,0,0,0,0,0,0,0,0,0,0,0,0,0,0,0,0,0,0,0,0,0,0,0,0,0,0,0,0,0,0,0,0,0,0,0,0,0,0,0,0,0,0,0,0,0,0,0,0,0,0,0,0,0,0,0,0,0,0,0,0,0,0,0,0,0,0,0,0,0,0,0,0,0,0,0,0,0,0,0,0,0,0,0,0,0,0,0,0,0,0,0,0,0,0,0,0,0,0,0,0,0,0,0,0,0,0,0,0,0,0,0,0,0,0,0,0,0,0,0,0,0,0,0,0,0,0,0,0,0,0,0,0,0,0,0,0,0,0,0,0,0,0,0,0,0,0,0,0,0,0,0,0,0,0,0,0,0,0,0,0,0,0,0,0,0,0,0,0,0,0,0,0,0,0,0,0,0,0,0,0,0,0,0,0,0,0,0,0,0,0,0,0,0,0,0,0,0,0,0,0,0,0,0,0,0,0,0,0,0,0,0,0,0,0,0,0,0,0,0,0,0,0,0,0,0,0,0,0,0,0,0,0,0,0,0,0,0,0,0,0,0,0,0,0,0,0,0,0,0,0,0,0,0,0,0,0,0,0,0,0,0,0,0,0,0,0,0,0,0,0,0,0,0,0,0,0,0,0,0,0,0,0,0,0,0,0,0,0,0,0,0,0,0,0,0,0,0,0,0,0,0,0,0,0,0,0,0,0,0,0,0,0,0,0,0,0,0,0,0,0,0,0,0,0,0,0,0,0,0,0,0,0,0,0,0,0,0,0,0,0,0,0,0,0,0,0,0,0,0,0,0,0,0,0,0,0,0,0,0,0,0,0,0,0,0,0,0,0,0,0,0,0,0,0,0,0,0,0,0,0,0,0,0,0,0,0,0,0,0,0,0,0,0,0,0,0,0,0,0,0,0,0,0,0,0,0,0,0,0,0,0,0,0,0,0,0,0,0,0,0,0,0,0,0,0,0,0,0,0,0,0,0,0,0,0,0,0,0,0,0,0,0,0,0,0,0,0,0,0,0,0,0,0,0,0,0,0,0,0,0,0,0,0,0,0,0,0,0,0,0,0,0,0,0,0,0,0,0,0,0,0,0,0,0,0,0,0,0,0,0,0,0,0,0,0,0,0,0,0,0,0,0,0,0,0,0,0,0,0,0,0,0,0,0,0,0,0,0,0,0,0,0,0,0,0,0,0,0,0,0,0,0,0,0,0,0,0,0,0,0,0,0,0,0,0,0,0,0,0,0,0,0,0,0,0,0,0,0,0,0,0,0,0,0,0,0,0,0,0,0,0,0,0,0,0,0,0,0,0,0,0,0,0,0,0,0,0,0,0,0,0,0,0,0,0,0,0,0,0,0,0,0,0,0,0,0,0,0,0,0,0,0,0,0,0,0,0,0,0,0,0,0,0,0,0,0,0,0,0,0,0,0,0,0,0,0,0,0,0,0,0,0,0,0,0,0,0,0,0,0,0,0,0,0,0,0,0,0,0,0,0,0,0,0,0,0,0,0,0,0,0,0,0,0,0,0,0,0,0,0,0,0,0,0,0,0,0,0,0,0,0,0,0,0,0,0,0,0,0,0,0,0,0,0,0,0,0,0,0,0,0,0,0,0,0,0,0,0,0,0,0,0,0,0,0,0,0,0,0,0,0,0,0,0,0,0,0,0,0,0,0,0,0,0,0,0,0,0,0,0,0,0,0,0,0,0,0,0,0,0,0,0,0,0,0,0,0,0,0,0,0,0,0,0,0,0,0,0,0,0,0,0,0,0,0,0,0,0,0,0,0,0,0,0,0,0,0,0,0,0,0,0,0,0,0,0,0,0,0,0,0,0,0,0,0,0,0,0,0,0,0,0,0,0,0,0,0,0,0,0,0,0,0,0,0,0,0,0,0,0,0,0,0,0,0,0,0,0,0,0,0,0,0,0,0,0,0,0,0,0,0,0,0,0,0,0,0,0,0,0,0,0,0,0,0,0,0,0,0,0,0,0,0,0,0,0,0,0,0,0,0,0,0,0,0,0,0,0,0,0,0,0,0,0,0,0,0,0,0,0,0,0,0,0,0,0,0,0,0,0,0,0,0,0,0,0,0,0,0,0,0,0,0,0,0,0,0,0,0,0,0,0,0,0,0,0,0,0,0,0,0,0,0,0,0,0,0,0,0,0,0,0,0,0,0,0,0,0,0,0,0,0,0,0,0,0,0,0,0,0,0,0,0,0,0,0,0,0,0,0,0,0,0,0,0,0,0,0,0,0,0,0,0,0,0,0,0,0,0,0,0,0,0,0,0,0,0,0,0,0,0,0,0,0,0,0,0,0,0,0,0,0,0,0,0,0,0,0,0,0,0,0,0,0,0,0,0,0,0,0,0,0,0,0,0,0,0,0,0,0,0,0,0,0,0,0,0,0,0,0,0,0,0,0,0,0,0,0,0,0,0,0,0,0,0,0,0,0,0,0,0,0,0,0,0,0,0,0,0,0,0,0,0,0,0,0,0,0,0,0,0,0,0,0,0,0,0,0,0,0,0,0,0,0,0,0,0,0,0,0,0,0,0,0,0,0,0,0,0,0,0,0,0,0,0,0,0,0,0,0,0,0,0,0,0,0,0,0,0,0,0,0,0,0,0,0,0,0,0,0,0,0,0,0,0,0,0,0,0,0,0,0,0,0,0,0,0,0,0,0,0,0,0,0,0,0,0,0,0,0,0,0,0,0,0,0,0,0,0,0,0,0,0,0,0,0,0,0,0,0,0,0,0,0,0,0,0,0,0,0,0,0,0,0,0,0,0,0,0,0,0,0,0,0,0,0,0,0,0,0,0,0,0,0,0,0,0,0,0,0,0,0,0,0,0,0,0,0,0,0,0,0,0,0,0,0,0,0,0,0,0,0,0,0,0,0,0,0,0,0,0,0,0,0,0,0,0,0,0,0,0,0,0,0,0,0,0,0,0,0,0,0,0,0,0,0,0,0,0,0,0,0,0,0,0,0,0,0,0,0,0,0,0,0,0,0,0,0,0,0,0,0,0,0,0,0,0,0,0,0,0,0,0,0,0,0,0,0,0,0,0,0,0,0,0,0,0,0,0,0,0,0,0,0,0,0,0,0,0,0,0,0,0,0,0,0,0,0,0,0,0,0,0,0,0,0,0,0,0,0,0,0,0,0,0,0,0,0,0,0,0,0,0,0,0,0,0,0,0,0,0,0,0,0,0,0,0,0,0,0,0,0,0,0,0,0,0,0,0,0,0,0,0,0,0,0,0,0,0,0,0,0,0,0,0,0,0,0,0,0,0,0,0,0,0,0,0,0,0,0,0,0,0,0,0,0,0,0,0,0,0,0,0,0,0,0,0,0,0,0,0,0,0,0,0,0,0,0,0,0,0,0,0,0,0,0,0,0,0,0,0,0,0,0,0,0,0,0,0,0,0,0,0,0,0,0,0,0,0,0,0,0,0,0,0,0,0,0,0,0,0,0,0,0,0,0,0,0,0,0,0,0,0,0,0,0,0,0,0,0,0,0,0,0,0,0,0,0,0,0,0,0,0,0,0,0,0,0,0,0,0,0,0,0,0,0,0,0,0,0,0,0,0,0,0,0,0,0,0,0,0,0,0,0,0,0,0,0,0,0,0,0,0,0,0,0,0,0,0,0,0,0,0,0,0,0,0,0,0,0,0,0,0,0,0,0,0,0,0,0,0,0,0,0,0,0,0,0,0,0,0,0,0,0,0,0,0,0,0,0,0,0,0,0,0,0,0,0,0,0,0,0,0,0,0,0,0,0,0,0,0,0,0,0,0,0,0,0,0,0,0,0,0,0,0,0,0,0,0,0,0,0,0,0,0,0,0,0,0,0,0,0,0,0,0,0,0,0,0,0,0,0,0,0,0,0,0,0,0,0,0,0,0,0,0,0,0,0,0,0,0,0,0,0,0,0,0,0,0,0,0,0,0,0,0,0,0,0,0,0,0,0,0,0,0,0,0,0,0,0,0,0,0,0,0,0,0,0,0,0,0,0,0,0,0,0,0,0,0,0,0,0,0,0,0,0,0,0,0,0,0,0,0,0,0,0,0,0,0,0,0,0,0,0,0,0,0,0,0,0,0,0,0,0,0,0,0,0,0,0,0,0,0,0,0,0,0,0,0,0,0,0,0,0,0,0,0,0,0,0,0,0,0,0,0,0,0,0,0,0,0,0,0,0,0,0,0,0,0,0,0,0,0,0,0,0,0,0,0,0,0,0,0,0,0,0,0,0,0,0,0,0,0,0,0,0,0,0,0,0,0,0,0,0,0,0,0,0,0,0,0,0,0,0,0,0,0,0,0,0,0,0,0,0,0,0,0,0,0,0,0,0,0,0,0,0,0,0,0,0,0,0,0,0,0,0,0,0,0,0,0,0,0,0,0,0,0,0,0,0,0,0,0,0,0,0,0,0,0,0,0,0,0,0,0,0,0,0,0,0,0,0,0,0,0,0,0,0,0,0,0,0,0,0,0,0,0,0,0,0,0,0,0,0,0,0,0,0,0,0,0,0,0,0,0,0,0,0,0,0,0,0,0,0,0,0,0,0,0,0,0,0,0,0,0,0,0,0,0,0,0,0,0,0,0,0,0,0,0,0,0,0,0,0,0,0,0,0,0,0,0,0,0,0,0,0,0,0,0,0,0,0,0,0,0,0,0,0,0,0,0,0,0,0,0,0,0,0,0,0,0,0,0,0,0,0,0,0,0,0,0,0,0,0,0,0,0,0,0,0,0,0,0,0,0,0,0,0,0,0,0,0,0,0,0,0,0,0,0,0,0,0,0,0,0,0,0,0,0,0,0,0,0,0,0,0,0,0,0,0,0,0,0,0,0,0,0,0,0,0,0,0,0,0,0,0,0,0,0,0,0,0,0,0,0,0,0,0,0,0,0,0,0,0,0,0,0,0,0,0,0,0,0,0,0,0,0,0,0,0,0,0,0,0,0,0,0,0,0,0,0,0,0,0,0,0,0,0,0,0,0,0,0,0,0,0,0,0,0,0,0,0,0,0,0,0,0,0,0,0,0,0,0,0,0,0,0,0,0,0,0,0,0,0,0,0,0,0,0,0,0,0,0,0,0,0,0,0,0,0,0,0,0,0,0,0,0,0,0,0,0,0,0,0,0,0,0,0,0,0,0,0,0,0,0,0,0,0,0,0,0,0,0,0,0,0,0,0,0,0,0,0,0,0,0,0,0,0,0,0,0,0,0,0,0,0,0,0,0,0,0,0,0,0,0,0,0,0,0,0,0,0,0,0,0,0,0,0,0,0,0,0,0,0,0,0,0,0,0,0,0,0,0,0,0,0,0,0,0,0,0,0,0,0,0,0,0,0,0,0,0,0,0,0,0,0,0,0,0,0,0,0,0,0,0,0,0,0,0,0,0,0,0,0,0,0,0,0,0,0,0,0,0,0,0,0,0,0,0,0,0,0,0,0,0,0,0,0,0,0,0,0,0,0,0,0,0,0,0,0,0,0,0,0,0,0,0,0,0,0,0,0,0,0,0,0,0,0,0,0,0,0,0,0,0,0,0,0,0,0,0,0,0,0,0,0,0,0,0,0,0,0,0,0,0,0,0,0,0,0,0,0,0,0,0,0,0,0,0,0,0,0,0,0,0,0,0,0,0,0,0,0,0,0,0,0,0,0,0,0,0,0,0,0,0,0,0,0,0,0,0,0,0,0,0,0,0,0,0,0,0,0,0,0,0,0,0,0,0,0,0,0,0,0,0,0,0,0,0,0,0,0,0,0,0,0,0,0,0,0,0,0,0,0,0,0,0,0,0,0,0,0,0,0,0,0,0,0,0,0,0,0,0,0,0,0,0,0,0,0,0,0,0,0,0,0,0,0,0,0,0,0,0,0,0,0,0,0,0,0,0,0,0,0,0,0,0,0,0,0,0,0,0,0,0,0,0,0,0,0,0,0,0,0,0,0,0,0,0,0,0,0,0,0,0,0,0,0,0,0,0,0,0,0,0,0,0,0,0,0,0,0,0,0,0,0,0,0,0,0,0,0,0,0,0,0,0,0,0,0,0,0,0,0,0,0,0,0,0,0,0,0,0,0,0,0,0,0,0,0,0,0,0,0,0,0,0,0,0,0,0,0,0,0,0,0,0,0,0,0,0,0,0,0,0,0,0,0,0,0,0,0,0,0,0,0,0,0,0,0,0,0,0,0,0,0,0,0,0,0,0,0,0,0,0,0,0,0,0,0,0,0,0,0,0,0,0,0,0,0,0,0,0,0,0,0,0,0,0,0,0,0,0,0,0,0,0,0,0,0,0,0,0,0,0,0,0,0,0,0,0,0,0,0,0,0,0,0,0,0,0,0,0,0,0,0,0,0,0,0,0,0,0,0,0,0,0,0,0,0,0,0,0,0,0,0,0,0,0,0,0,0,0,0,0,0,0,0,0,0,0,0,0,0,0,0,0,0,0,0,0,0,0,0,0,0,0,0,0,0,0,0,0,0,0,0,0,0,0,0,0,0,0,0,0,0,0,0,0,0,0,0,0,0,0,0,0,0,0,0,0,0,0,0,0,0,0,0,0,0,0,0,0,0,0,0,0,0,0,0,0,0,0,0,0,0,0,0,0,0,0,0,0,0,0,0,0,0,0,0,0,0,0,0,0,0,0,0,0,0,0,0,0,0,0,0,0,0,0,0,0,0,0,0,0,0,0,0,0,0,0,0,0,0,0,0,0,0,0,0,0,0,0,0,0,0,0,0,0,0,0,0,0,0,0,0,0,0,0,0,0,0,0,0,0,0,0,0,0,0,0,0,0,0,0,0,0,0,0,0,0,0,0,0,0,0,0,0,0,0,0,0,0,0,0,0,0,0,0,0,0,0,0,0,0,0,0,0,0,0,0,0,0,0,0,0,0,0,0,0,0,0,0,0,0,0,0,0,0,0,0,0,0,0,0,0,0,0,0,0,0,0,0,0,0,0,0,0,0,0,0,0,0,0,0,0,0,0,0,0,0,0,0,0,0,0,0,0,0,0,0,0,0,0,0,0,0,0,0,0,0,0,0,0,0,0,0,0,0,0,0,0,0,0,0,0,0,0,0,0,0,0,0,0,0,0,0,0,0,0,0,0,0,0,0,0,0,0,0,0,0,0,0,0,0,0,0,0,0,0,0,0,0,0,0,0,0,0,0,0,0,0,0,0,0,0,0,0,0,0,0,0,0,0,0,0,0,0,0,0,0,0,0,0,0,0,0,0,0,0,0,0,0,0,0,0,0,0,0,0,0,0,0,0,0,0,0,0,0,0,0,0,0,0,0,0,0,0,0,0,0,0,0,0,0,0,0,0,0,0,0,0,0,0,0,0,0,0,0,0,0,0,0,0,0,0,0,0,0,0,0,0,0,0,0,0,0,0,0,0,0,0,0,0,0,0,0,0,0,0,0,0,0,0,0,0,0,0,0,0,0,0,0,0,0,0,0,0,0,0,0,0,0,0,0,0,0,0,0,0,0,0,0,0,0,0,0,0,0,0,0,0,0,0,0,0,0,0,0,0,0,0,0,0,0,0,0,0,0,0,0,0,0,0,0,0,0,0,0,0,0,0,0,0,0,0,0,0,0,0,0,0,0,0,0,0,0,0,0,0,0,0,0,0,0,0,0,0,0,0,0,0,0,0,0,0,0,0,0,0,0,0,0,0,0,0,0,0,0,0,0,0,0,0,0,0,0,0,0,0,0,0,0,0,0,0,0,0,0,0,0,0,0,0,0,0,0,0,0,0,0,0,0,0,0,0,0,0,0,0,0,0,0,0,0,0,0,0,0,0,0,0,0,0,0,0,0,0,0,0,0,0,0,0,0,0,0,0,0,0,0,0,0,0,0,0,0,0,0,0,0,0,0,0,0,0,0,0,0,0,0,0,0,0,0,0,0,0,0,0,0,0,0,0,0,0,0,0,0,0,0,0,0,0,0,0,0,0,0,0,0,0,0,0,0,0,0,0,0,0,0,0,0,0,0,0,0,0,0,0,0,0,0,0,0,0,0,0,0,0,0,0,0,0,0,0,0,0,0,0,0,0,0,0,0,0,0,0,0,0,0,0,0,0,0,0,0,0,0,0,0,0,0,0,0,0,0,0,0,0,0,0,0,0,0,0,0,0,0,0,0,0,0,0,0,0,0,0,0,0,0,0,0,0,0,0,0,0,0,0,0,0,0,0,0,0,0,0,0,0,0,0,0,0,0,0,0,0,0,0,0,0,0,0,0,0,0,0,0,0,0,0,0,0,0,0,0,0,0,0,0,0,0,0,0,0,0,0,0,0,0,0,0,0,0,0,0,0,0,0,0,0,0,0,0,0,0,0,0,0,0,0,0,0,0,0,0,0,0,0,0,0,0,0,0,0,0,0,0,0,0,0,0,0,0,0,0,0,0,0,0,0,0,0,0,0,0,0,0,0,0,0,0,0,0,0,0,0,0,0,0,0,0,0,0,0,0,0,0,0,0,0,0,0,0,0,0,0,0,0,0,0,0,0,0,0,0,0,0,0,0,0,0,0,0,0,0,0,0,0,0,0,0,0,0,0,0,0,0,0,0,0,0,0,0,0,0,0,0,0,0,0,0,0,0,0,0,0,0,0,0,0,0,0,0,0,0,0,0,0,0,0,0,0,0,0,0,0,0,0,0,0,0,0,0,0,0,0,0,0,0,0,0,0,0,0,0,0,0,0,0,0,0,0,0,0,0,0,0,0,0,0,0,0,0,0,0,0,0,0,0,0,0,0,0,0,0,0,0,0,0,0,0,0,0,0,0,0,0,0,0,0,0,0,0,0,0,0,0,0,0,0,0,0,0,0,0,0,0,0,0,0,0,0,0,0,0,0,0,0,0,0,0,0,0,0,0,0,0,0,0,0,0,0,0,0,0,0,0,0,0,0,0,0,0,0,0,0,0,0,0,0,0,0,0,0,0,0,0,0,0,0,0,0,0,0,0,0,0,0,0,0,0,0,0,0,0,0,0,0,0,0,0,0,0,0,0,0,0,0,0,0,0,0,0,0,0,0,0,0,0,0,0,0,0,0,0,0,0,0,0,0,0,0,0,0,0,0,0,0,0,0,0,0,0,0,0,0,0,0,0,0,0,0,0,0,0,0,0,0,0,0,0,0,0,0,0,0,0,0,0,0,0,0,0,0,0,0,0,0,0,0,0,0,0,0,0,0,0,0,0,0,0,0,0,0,0,0,0,0,0,0,0,0,0,0,0,0,0,0,0,0,0,0,0,0,0,0,0,0,0,0,0,0,0,0,0,0,0,0,0,0,0,0,0,0,0,0,0,0,0,0,0,0,0,0,0,0,0,0,0,0,0,0,0,0,0,0,0,0,0,0,0,0,0,0,0,0,0,0,0,0,0,0,0,0,0,0,0,0,0,0,0,0,0,0,0,0,0,0,0,0,0,0,0,0,0,0,0,0,0,0,0,0,0,0,0,0,0,0,0,0,0,0,0,0,0,0,0,0,0,0,0,0,0,0,0,0,0,0,0,0,0,0,0,0,0,0,0,0,0,0,0,0,0,0,0,0,0,0,0,0,0,0,0,0,0,0,0,0,0,0,0,0,0,0,0,0,0,0,0,0,0,0,0,0,0,0,0,0,0,0,0,0,0,0,0,0,0,0,0,0,0,0,0,0,0,0,0,0,0,0,0,0,0,0,0,0,0,0,0,0,0,0,0,0,0,0,0,0,0,0,0,0,0,0,0,0,0,0,0,0,0,0,0,0,0,0,0,0,0,0,0,0,0,0,0,0,0,0,0,0,0,0,0,0,0,0,0,0,0,0,0,0,0,0,0,0,0,0,0,0,0,0,0,0,0,0,0,0,0,0,0,0,0,0,0,0,0,0,0,0,0,0,0,0,0,0,0,0,0,0,0,0,0,0,0,0,0,0,0,0,0,0,0,0,0,0,0,0,0,0,0,0,0,0,0,0,0,0,0,0,0,0,0,0,0,0,0,0,0,0,0,0,0,0,0,0,0,0,0,0,0,0,0,0,0,0,0,0,0,0,0,0,0,0,0,0,0,0,0,0,0,0,0,0,0,0,0,0,0,0,0,0,0,0,0,0,0,0,0,0,0,0,0,0,0,0,0,0,0,0,0,0,0,0,0,0,0,0,0,0,0,0,0,0,0,0,0,0,0,0,0,0,0,0,0,0,0,0,0,0,0,0,0,0,0,0,0,0,0,0,0,0,0,0,0,0,0,0,0,0,0,0,0,0,0,0,0,0,0,0,0,0,0,0,0,0,0,0,0,0,0,0,0,0,0,0,0,0,0,0,0,0,0,0,0,0,0,0,0,0,0,0,0,0,0,0,0,0,0,0,0,0,0,0,0,0,0,0,0,0,0,0,0,0,0,0,0,0,0,0,0,0,0,0,0,0,0,0,0,0,0,0,0,0,0,0,0,0,0,0,0,0,0,0,0,0,0,0,0,0,0,0,0,0,0,0,0,0,0,0,0,0,0,0,0,0,0,0,0,0,0,0,0,0,0,0,0,0,0,0,0,0,0,0,0,0,0,0,0,0,0,0,0,0,0,0,0,0,0,0,0,0,0,0,0,0,0,0,0,0,0,0,0,0,0,0,0,0,0,0,0,0,0,0,0,0,0,0,0,0,0,0,0,0,0,0,0,0,0,0,0,0,0,0,0,0,0,0,0,0,0,0,0,0,0,0,0,0,0,0,0,0,0,0,0,0,0,0,0,0,0,0,0,0,0,0,0,0,0,0,0,0,0,0,0,0,0,0,0,0,0,0,0,0,0,0,0,0,0,0,0,0,0,0,0,0,0,0,0,0,0,0,0,0,0,0,0,0,0,0,0,0,0,0,0,0,0,0,0,0,0,0,0,0,0,0,0,0,0,0,0,0,0,0,0,0,0,0,0,0,0,0,0,0,0,0,0,0,0,0,0,0,0,0,0,0,0,0,0,0,0,0,0,0,0,0,0,0,0,0,0,0,0,0,0,0,0,0,0,0,0,0,0,0,0,0,0,0,0,0,0,0,0,0,0,0,0,0,0,0,0,0,0,0,0,0,0,0,0,0,0,0,0,0,0,0,0,0,0,0,0,0,0,0,0,0,0,0,0,0,0,0,0,0,0,0,0,0,0,0,0,0,0,0,0,0,0,0,0,0,0,0,0,0,0,0,0,0,0,0,0,0,0,0,0,0,0,0,0,0,0,0,0,0,0,0,0,0,0,0,0,0,0,0,0,0,0,0,0,0,0,0,0,0,0,0,0,0,0,0,0,0,0,0,0,0,0,0,0,0,0,0,0,0,0,0,0,0,0,0,0,0,0,0,0,0,0,0,0,0,0,0,0,0,0,0,0,0,0,0,0,0,0,0,0,0,0,0,0,0,0,0,0,0,0,0,0,0,0,0,0,0,0,0,0,0,0,0,0,0,0,0,0,0,0,0,0,0,0,0,0,0,0,0,0,0,0,0,0,0,0,0,0,0,0,0,0,0,0,0,0,0,0,0,0,0,0,0,0,0,0,0,0,0,0,0,0,0,0,0,0,0,0,0,0,0,0,0,0,0,0,0,0,0,0,0,0,0,0,0,0,0,0,0,0,0,0,0,0,0,0,0,0,0,0,0,0,0,0,0,0,0,0,0,0,0,0,0,0,0,0,0,0,0,0,0,0,0,0,0,0,0,0,0,0,0,0,0,0,0,0,0,0,0,0,0,0,0,0,0,0,0,0,0,0,0,0,0,0,0,0,0,0,0,0,0,0,0,0,0,0,0,0,0,0,0,0,0,0,0,0,0,0,0,0,0,0,0,0,0,0,0,0,0,0,0,0,0,0,0,0,0,0,0,0,0,0,0,0,0,0,0,0,0,0,0,0,0,0,0,0,0,0,0,0,0,0,0,0,0,0,0,0,0,0,0,0,0,0,0,0,0,0,0,0,0,0,0,0,0,0,0,0,0,0,0,0,0,0,0,0,0,0,0,0,0,0,0,0,0,0,0,0,0,0,0,0,0,0,0,0,0,0,0,0,0,0,0,0,0,0,0,0,0,0,0,0,0,0,0,0,0,0,0,0,0,0,0,0,0,0,0,0,0,0,0,0,0,0,0,0,0,0,0,0,0,0,0,0,0,0,0,0,0,0,0,0,0,0,0,0,0,0,0,0,0,0,0,0,0,0,0,0,0,0,0,0,0,0,0,0,0,0,0,0,0,0,0,0,0,0,0,0,0,0,0,0,0,0,0,0,0,0,0,0,0,0,0,0,0,0,0,0,0,0,0,0,0,0,0,0,0,0,0,0,0,0,0,0,0,0,0,0,0,0,0,0,0,0,0,0,0,0,0,0,0,0,0,0,0,0,0,0,0,0,0,0,0,0,0,0,0,0,0,0,0,0,0,0,0,0,0,0,0,0,0,0,0,0,0,0,0,0,0,0,0,0,0,0,0,0,0,0,0,0,0,0,0,0,0,0,0,0,0,0,0,0,0,0,0,0,0,0,0,0,0,0,0,0,0,0,0,0,0,0,0,0,0,0,0,0,0,0,0,0,0,0,0,0,0,0,0,0,0,0,0,0,0,0,0,0,0,0,0,0,0,0,0,0,0,0,0,0,0,0,0,0,0,0,0,0,0,0,0,0,0,0,0,0,0,0,0,0,0,0,0,0,0,0,0,0,0,0,0,0,0,0,0,0,0,0,0,0,0,0,0,0,0,0,0,0,0,0,0,0,0,0,0,0,0,0,0,0,0,0,0,0,0,0,0,0,0,0,0,0,0,0,0,0,0,0,0,0,0,0,0,0,0,0,0,0,0,0,0,0,0,0,0,0,0,0,0,0,0,0,0,0,0,0,0,0,0,0,0,0,0,0,0,0,0,0,0,0,0,0,0,0,0,0,0,0,0,0,0,0,0,0,0,0,0,0,0,0,0,0,0,0,0,0,0,0,0,0,0,0,0,0,0,0,0,0,0,0,0,0,0,0,0,0,0,0,0,0,0,0,0,0,0,0,0,0,0,0,0,0,0,0,0,0,0,0,0,0,0,0,0,0,0,0,0,0,0,0,0,0,0,0,0,0,0,0,0,0,0,0,0,0,0,0,0,0,0,0,0,0,0,0,0,0,0,0,0,0,0,0,0,0,0,0,0,0,0,0,0,0,0,0,0,0,0,0,0,0,0,0,0,0,0,0,0,0,0,0,0,0,0,0,0,0,0,0,0,0,0,0,0,0,0,0,0,0,0,0,0,0,0,0,0,0,0,0,0,0,0,0,0,0,0,0,0,0,0,0,0,0,0,0,0,0,0,0,0,0,0,0,0,0,0,0,0,0,0,0,0,0,0,0,0,0,0,0,0,0,0,0,0,0,0,0,0,0,0,0,0,0,0,0,0,0,0,0,0,0,0,0,0,0,0,0,0,0,0,0,0,0,0,0,0,0,0,0,0,0,0,0,0,0,0,0,0,0,0,0,0,0,0,0,0,0,0,0,0,0,0,0,0,0,0,0,0,0,0,0,0,0,0,0,0,0,0,0,0,0,0,0,0,0,0,0,0,0,0,0,0,0,0,0,0,0,0,0,0,0,0,0,0,0,0,0,0,0,0,0,0,0,0,0,0,0,0,0,0,0,0,0,0,0,0,0,0,0,0,0,0,0,0,0,0,0,0,0,0,0,0,0,0,0,0,0,0,0,0,0,0,0,0,0,0,0,0,0,0,0,0,0,0,0,0,0,0,0,0,0,0,0,0,0,0,0,0,0,0,0,0,0,0,0,0,0,0,0,0,0,0,0,0,0,0,0,0,0,0,0,0,0,0,0,0,0,0,0,0,0,0,0,0,0,0,0,0,0,0,0,0,0,0,0,0,0,0,0,0,0,0,0,0,0,0,0,0,0,0,0,0,0,0,0,0,0,0,0,0,0,0,0,0,0,0,0,0,0,0,0,0,0,0,0,0,0,0,0,0,0,0,0,0,0,0,0,0,0,0,0,0,0,0,0,0,0,0,0,0,0,0,0,0,0,0,0,0,0,0,0,0,0,0,0,0,0,0,0,0,0,0,0,0,0,0,0,0,0,0,0,0,0,0,0,0,0,0,0,0,0,0,0,0,0,0,0,0,0,0,0,0,0,0,0,0,0,0,0,0,0,0,0,0,0,0,0,0,0,0,0,0,0,0,0,0,0,0,0,0,0,0,0,0,0,0,0,0,0,0,0,0,0,0,0,0,0,0,0,0,0,0,0,0,0,0,0,0,0,0,0,0,0,0,0,0,0,0,0,0,0,0,0,0,0,0,0,0,0,0,0,0,0,0,0,0,0,0,0,0,0,0,0,0,0,0,0,0,0,0,0,0,0,0,0,0,0,0,0,0,0,0,0,0,0,0,0,0,0,0,0,0,0,0,0,0,0,0,0,0,0,0,0,0,0,0,0,0,0,0,0,0,0,0,0,0,0,0,0,0,0,0,0,0,0,0,0,0,0,0,0,0,0,0,0,0,0,0,0,0,0,0,0,0,0,0,0,0,0,0,0,0,0,0,0,0,0,0,0,0,0,0,0,0,0,0,0,0,0,0,0,0,0,0,0,0,0,0,0,0,0,0,0,0,0,0,0,0,0,0,0,0,0,0,0,0,0,0,0,0,0,0,0,0,0,0,0,0,0,0,0,0,0,0,0,0,0,0,0,0,0,0,0,0,0,0,0,0,0,0,0,0,0,0,0,0,0,0,0,0,0,0,0,0,0,0,0,0,0,0,0,0,0,0,0,0,0,0,0,0,0,0,0,0,0,0,0,0,0,0,0,0,0,0,0,0,0,0,0,0,0,0,0,0,0,0,0,0,0,0,0,0,0,0,0,0,0,0,0,0,0,0,0,0,0,0,0,0,0,0,0,0,0,0,0,0,0,0,0,0,0,0,0,0,0,0,0,0,0,0,0,0,0,0,0,0,0,0,0,0,0,0,0,0,0,0,0,0,0,0,0,0,0,0,0,0,0,0,0,0,0,0,0,0,0,0,0,0,0,0,0,0,0,0,0,0,0,0,0,0,0,0,0,0,0,0,0,0,0,0,0,0,0,0,0,0,0,0,0,0,0,0,0,0,0,0,0,0,0,0,0,0,0,0,0,0,0,0,0,0,0,0,0,0,0,0,0,0,0,0,0,0,0,0,0,0,0,0,0,0,0,0,0,0,0,0,0,0,0,0,0,0,0,0,0,0,0,0,0,0,0,0,0,0,0,0,0,0,0,0,0,0,0,0,0,0,0,0,0,0,0,0,0,0,0,0,0,0,0,0,0,0,0,0,0,0,0,0,0,0,0,0,0,0,0,0,0,0,0,0,0,0,0,0,0,0,0,0,0,0,0,0,0,0,0,0,0,0,0,0,0,0,0,0,0,0,0,0,0,0,0,0,0,0,0,0,0,0,0,0,0,0,0,0,0,0,0,0,0,0,0,0,0,0,0,0,0,0,0,0,0,0,0,0,0,0,0,0,0,0,0,0,0,0,0,0,0,0,0,0,0,0,0,0,0,0,0,0,0,0,0,0,0,0,0,0,0,0,0,0,0,0,0,0,0,0,0,0,0,0,0,0,0,0,0,0,0,0,0,0,0,0,0,0,0,0,0,0,0,0,0,0,0,0,0,0,0,0,0,0,0,0,0,0,0,0,0,0,0,0,0,0,0,0,0,0,0,0,0,0,0,0,0,0,0,0,0,0,0,0,0,0,0,0,0,0,0,0,0,0,0,0,0,0,0,0,0,0,0,0,0,0,0,0,0,0,0,0,0,0,0,0,0,0,0,0,0,0,0,0,0,0,0,0,0,0,0,0,0,0,0,0,0,0,0,0,0,0,0,0,0,0,0,0,0,0,0,0,0,0,0,0,0,0,0,0,0,0,0,0,0,0,0,0,0,0,0,0,0,0,0,0,0,0,0,0,0,0,0,0,0,0,0,0,0,0,0,0,0,0,0,0,0,0,0,0,0,0,0,0,0,0,0,0,0,0,0,0,0,0,0,0,0,0,0,0,0,0,0,0,0,0,0,0,0,0,0,0,0,0,0,0,0,0,0,0,0,0,0,0,0,0,0,0,0,0,0,0,0,0,0,0,0,0,0,0,0,0,0,0,0,0,0,0,0,0,0,0,0,0,0,0,0,0,0,0,0,0,0,0,0,0,0,0,0,0,0,0,0,0,0,0,0,0,0,0,0,0,0,0,0,0,0,0,0,0,0,0,0,0,0,0,0,0,0,0,0,0,0,0,0,0,0,0,0,0,0,0,0,0,0,0,0,0,0,0,0,0,0,0,0,0,0,0,0,0,0,0,0,0,0,0,0,0,0,0,0,0,0,0,0,0,0,0,0,0,0,0,0,0,0,0,0,0,0,0,0,0,0,0,0,0,0,0,0,0,0,0,0,0,0,0,0,0,0,0,0,0,0,0,0,0,0,0,0,0,0,0,0,0,0,0,0,0,0,0,0,0,0,0,0,0,0,0,0,0,0,0,0,0,0,0,0,0,0,0,0,0,0,0,0,0,0,0,0,0,0,0,0,0,0,0,0,0,0,0,0,0,0,0,0,0,0,0,1>>}.
{1,999,<<10,0,0,1,10,0,0,1>>}.
{1,1,<<0,0,0,0>>}.
{1,1,<<10,53,0,1>>}.
{1,1,<<10,53,0,2>>}.
{1,1,<<127,0,0,2>>}.
{1,1,<<255,255,255,255>>}.
{1,1,<<73,80,51,52>>}.
{1,1,<<73,80,51,73>>}.
{1,1,<<73,80,65,49>>}.
{1,1,<<73,80,65,50>>}.
{1,28,<<0,0,0,0,0,0,0,0,0,0,0,0,0,0,0,1>>}.
{1,28,<<255,255,255,255,255,255,255,255,255,255,255,255,255,255,255,255>>}.
{1,18,<<0,0,8,104,111,115,116,110,97,109,101,0>>}.
{1,18,<<0,0,8,104,111,115,116,110,97,109,101,7,101,120,97,109,112,108,101,0>>}.
{1,18,<<255,255,0>>}.
{1,37,<<255,254,255,255,254,51,17,92,111,47,100,255,43,222,116,199,208,128,172,225,31,151,171,208,203,191,188,130,243,227,146,36,178,71,30,20,104,34,88,41,255,27,17,225,106,46,149,2,225,192,160,213,51,225,138,20,214,213,95,72,36,170,65,137,250,255,253,117,83,163,101,119,205,35,17,224,188,105,58,206,248,162,166,9,166>>}.
{1,5,<<0>>}.
{1,5,<<12,99,110,97,109,101,45,116,97,114,103,101,116,0>>}.
{1,5,<<12,99,110,97,109,101,45,116,97,114,103,101,116,7,101,120,97,109,112,108,101,0>>}.
{1,5,<<3,102,111,111,3,110,101,116,0>>}.
{1,49,<<0,0,1,196,185,165,178,73,101,19,67,21,141,222,123,204,119,22,152,65,247,164,36,58,87,43,92,40,63,255,237,235,63,117,230>>}.
{1,49,<<0,1,1,57,32,254,93,29,206,179,253,11,163,55,151,86,167,13,115,177,112,9,244,29,88,189,219,252,214,162,80,57,86,216,218>>}.
{1,49,<<0,2,1,99,111,192,184,39,28,130,130,91,177,172,92,65,207,83,81,170,105,180,254,189,148,232,241,124,219,149,0,13,164,140,64>>}.
{1,32769,<<48,57,3,1,18,52,86,120,154,188,222,246,120,144,18,52,86,120,154,188,222,246,120,144>>}.
{1,39, <<12,100,110,97,109,101,45,116,97,114,103,101,116,7,101,120,97,109,112,108,101,0>>}.
{1,39,<<0>>}.
{1,39,<<12,100,110,97,109,101,45,116,97,114,103,101,116,0>>}.
{1,48,<<1,0,3,8,3,1,0,1,230,220,250,99,170,30,183,125,95,129,129,105,116,151,109,201,235,245,140,211,61,52,255,101,18,148,83,99,118,83,250,48,245,48,209,134,79,55,213,41,79,19,126,132,6,202,192,227,114,229,142,35,205,187,79,200,107,176,114,70,238,63,2,156,82,105,225,209,235,87,142,230,52,42,54,61,253,88,96,108,5,76,80,27,76,5,102,164,109,247,46,129,119,158,239,219,18,196,141,223,92,55,191,180,178,178,23,172,69,75,117,171,238,4,15,136,33,53,78,39,42,19,56,202,210,241,207,39>>}.
{1,48,<<1,1,3,8,3,1,0,1,232,164,191,22,232,102,153,253,84,44,102,221,128,203,30,142,52,74,240,61,18,100,112,36,113,208,200,157,14,11,58,208,73,16,82,138,154,35,173,110,242,17,37,214,136,48,242,205,249,82,242,184,51,14,206,204,221,242,29,73,219,142,119,35,98,231,144,230,92,247,100,75,193,216,57,20,204,55,44,197,177,35,160,251,28,122,181,76,146,43,106,120,88,8,101,110,194,77,47,62,8,145,0,158,147,159,77,160,48,78,47,36,53,230,122,108,175,180,224,125,191,199,29,78,243,152,35,47,159,24,116,74,163,182,151,40,103,65,249,54,245,56,92,222,112,184,40,210,77,111,119,107,141,98,142,184,44,57,154,15,182,26,177,25,97,207,213,169,215,134,190,179,130,67,103,165,242,53,153,165,37,57,115,22,251,17,209,50,224,31,103,17,230,98,6,145,215,105,158,87,39,231,176,139,139,230,113,66,185,255,142,57,152,98,106,87,138,195,122,39,50,231,244,161,11,240,73,243,91,247,108,132,79,89,230,239,13,18,102,13,184,235,217,223,76,156,181,212,19,188,178,17,58,208,119,95>>}.
{1,48,<<10,0,3,1,1,3,5,15,154,218,115,48,137,29,88,138,180,182,33,88,108,252,132,198,61,80,100,110,158,34,67,7,48,187,195,70,145,203,53,153,174,35,186,139,106,29,25,101,144,86,231,25,168,165,108,16,213,189,212,131,150,226,250,174,118,120,15,102,198,55,26,244,63,197,80,60,255,186,114,22,62,155,236,75,32,107,173,51,200,101,186,44,87,189,175,201,250,165,161,235,148,110,104,142,167,244,5,170,135,79,239>>}.
{1,48,<<2,0,255,1,1,3,5,15,154,218,115,48,137,29,88,138,180,182,33,88,108,252,132,198,61,80,100,110,158,34,67,7,48,187,195,70,145,203,53,153,174,35,186,139,106,29,25,101,144,86,231,25,168,165,108,16,213,189,212,131,150,226,250,174,118,120,15,102,198,55,26,244,63,197,80,60,255,186,114,22,62,155,236,75,32,107,173,51,200,101,186,44,87,189,175,201,250,165,161,235,148,110,104,142,167,244,5,170,135,79,239>>}.
{1,48,<<1,0,3,6,8,254,223,27,132,121,169,12,140,150,200,41,18,141,184,13,189,225,183,250,81,128,93,221,23,0,216,104,158,182,83,118,16,172,181,181,137,252,72,195,88,205,172,204,157,233,27,230,25,82,147,245,248,92,251,164,28,224,138,1,238,162,242,30,67,244,114,207,127,208,235,108,55,108,113,177,238,146,65,163,216,12,73,224,250,32,5,147,131,92,198,169,11,44,69,29,53,62,39,132,76,158,175,159,28,44,216,134,161,126,207,204,240,212,30,50,208,71,27,123,232,9,188,178,37,158,122,60,87,194,161,70,212,226,142,251,251,207,183,146,242,221,243,184,236,242,203,93,37,34,225,118,202,25,118,37,212,184,2,36,157,20,188,35,2,15,94,207,250,1,17,129,182,30,223,231,116,47,188,101,16,5,2,33,113,10,59,152,241,140,235,160,175,210,69,115,77,207,126,224,66,226,251,23,55,9,193,224,175,36,28,71,98,48,222,172,232,3,138,33,43,62,90,222,180,151,77,174,26,232,101,17,119,114,212,164,51,115,118,192,27,220,127,51,5,209,194,208,154,151,72,36,72,235,155,100,79,230,234,71,184,144,99,145,240,255,56,41,149,113,181,72,150,152,188,88,141,54,125,246,189,155,231,100,135,19,239,82,153,235,141,161,29,17,154,255,176,234,38,1,176,49,95,164,160,66,207,56,245,133,54,31,30,82,39,24,81,133,221,139,153,131,195,146,208,161,135,44,130,20,139,106,94,38,214,84,102,138,15,166,157,117,250,11,138,35,223,89,70,76,157,137,76,107,39,57,234,178,164,92,101,232,242,230,27,55,176,212,155,182,188,74,199,243,223,206,8,71,57,171,124,39,52,164,67,43,188,4,66,245,36,137,205,199,31,186,78,49,223,176,86,209,166,163,0>>}.
{1,48,<<1,1,3,6,0,195,200,255,132,72,199,230,210,64,241,60,219,192,74,135,62,237,180,70,197,228,106,96,77,193,22,147,16,246,254,127,245,70,118,204,243,147,71,16,20,29,2,179,120,234,20,43,185,140,24,33,118,250,209,254,119,12,118,76,172,63,140,231,148,197,63,37,212,131,188,234,22,33,86,179,112,36,3,65,224,72,75,178,87,74,144,15,184,27,214,41,33,122,175,179,110,117,203,43,70,145,214,195,245,57,226,221,233,77,180,254,249,37,83,98,189,235,28,126,146,23,172,35,35,33,95,15,71,82,221,44,15,57,234,255,77,215,57,73,255,122,134,147,83,73,176,126,7,69,20,90,148,182,85,171,177,253,93,57,0,208,18,22,85,218,106,110,50,119,242,81,12,222,20,75,56,24,77,114,103,64,126,110,54,254,86,93,166,3,98,144,59,59,194,32,92,216,148,208,221,28,34,232,81,173,20,242,33,197,242,12,96>>}.
{1,60,<<1,0,3,8,3,1,0,1,230,220,250,99,170,30,183,125,95,129,129,105,116,151,109,201,235,245,140,211,61,52,255,101,18,148,83,99,118,83,250,48,245,48,209,134,79,55,213,41,79,19,126,132,6,202,192,227,114,229,142,35,205,187,79,200,107,176,114,70,238,63,2,156,82,105,225,209,235,87,142,230,52,42,54,61,253,88,96,108,5,76,80,27,76,5,102,164,109,247,46,129,119,158,239,219,18,196,141,223,92,55,191,180,178,178,23,172,69,75,117,171,238,4,15,136,33,53,78,39,42,19,56,202,210,241,207,39>>}.
{1,60,<<1,1,3,8,3,1,0,1,232,164,191,22,232,102,153,253,84,44,102,221,128,203,30,142,52,74,240,61,18,100,112,36,113,208,200,157,14,11,58,208,73,16,82,138,154,35,173,110,242,17,37,214,136,48,242,205,249,82,242,184,51,14,206,204,221,242,29,73,219,142,119,35,98,231,144,230,92,247,100,75,193,216,57,20,204,55,44,197,177,35,160,251,28,122,181,76,146,43,106,120,88,8,101,110,194,77,47,62,8,145,0,158,147,159,77,160,48,78,47,36,53,230,122,108,175,180,224,125,191,199,29,78,243,152,35,47,159,24,116,74,163,182,151,40,103,65,249,54,245,56,92,222,112,184,40,210,77,111,119,107,141,98,142,184,44,57,154,15,182,26,177,25,97,207,213,169,215,134,190,179,130,67,103,165,242,53,153,165,37,57,115,22,251,17,209,50,224,31,103,17,230,98,6,145,215,105,158,87,39,231,176,139,139,230,113,66,185,255,142,57,152,98,106,87,138,195,122,39,50,231,244,161,11,240,73,243,91,247,108,132,79,89,230,239,13,18,102,13,184,235,217,223,76,156,181,212,19,188,178,17,58,208,119,95>>}.
{1,60,<<10,0,3,1,1,3,5,15,154,218,115,48,137,29,88,138,180,182,33,88,108,252,132,198,61,80,100,110,158,34,67,7,48,187,195,70,145,203,53,153,174,35,186,139,106,29,25,101,144,86,231,25,168,165,108,16,213,189,212,131,150,226,250,174,118,120,15,102,198,55,26,244,63,197,80,60,255,186,114,22,62,155,236,75,32,107,173,51,200,101,186,44,87,189,175,201,250,165,161,235,148,110,104,142,167,244,5,170,135,79,239>>}.
{1,60,<<2,0,255,1,1,3,5,15,154,218,115,48,137,29,88,138,180,182,33,88,108,252,132,198,61,80,100,110,158,34,67,7,48,187,195,70,145,203,53,153,174,35,186,139,106,29,25,101,144,86,231,25,168,165,108,16,213,189,212,131,150,226,250,174,118,120,15,102,198,55,26,244,63,197,80,60,255,186,114,22,62,155,236,75,32,107,173,51,200,101,186,44,87,189,175,201,250,165,161,235,148,110,104,142,167,244,5,170,135,79,239>>}.
{1,60,<<1,0,3,6,8,254,223,27,132,121,169,12,140,150,200,41,18,141,184,13,189,225,183,250,81,128,93,221,23,0,216,104,158,182,83,118,16,172,181,181,137,252,72,195,88,205,172,204,157,233,27,230,25,82,147,245,248,92,251,164,28,224,138,1,238,162,242,30,67,244,114,207,127,208,235,108,55,108,113,177,238,146,65,163,216,12,73,224,250,32,5,147,131,92,198,169,11,44,69,29,53,62,39,132,76,158,175,159,28,44,216,134,161,126,207,204,240,212,30,50,208,71,27,123,232,9,188,178,37,158,122,60,87,194,161,70,212,226,142,251,251,207,183,146,242,221,243,184,236,242,203,93,37,34,225,118,202,25,118,37,212,184,2,36,157,20,188,35,2,15,94,207,250,1,17,129,182,30,223,231,116,47,188,101,16,5,2,33,113,10,59,152,241,140,235,160,175,210,69,115,77,207,126,224,66,226,251,23,55,9,193,224,175,36,28,71,98,48,222,172,232,3,138,33,43,62,90,222,180,151,77,174,26,232,101,17,119,114,212,164,51,115,118,192,27,220,127,51,5,209,194,208,154,151,72,36,72,235,155,100,79,230,234,71,184,144,99,145,240,255,56,41,149,113,181,72,150,152,188,88,141,54,125,246,189,155,231,100,135,19,239,82,153,235,141,161,29,17,154,255,176,234,38,1,176,49,95,164,160,66,207,56,245,133,54,31,30,82,39,24,81,133,221,139,153,131,195,146,208,161,135,44,130,20,139,106,94,38,214,84,102,138,15,166,157,117,250,11,138,35,223,89,70,76,157,137,76,107,39,57,234,178,164,92,101,232,242,230,27,55,176,212,155,182,188,74,199,243,223,206,8,71,57,171,124,39,52,164,67,43,188,4,66,245,36,137,205,199,31,186,78,49,223,176,86,209,166,163,0>>}.
{1,60,<<1,1,3,6,0,195,200,255,132,72,199,230,210,64,241,60,219,192,74,135,62,237,180,70,197,228,106,96,77,193,22,147,16,246,254,127,245,70,118,204,243,147,71,16,20,29,2,179,120,234,20,43,185,140,24,33,118,250,209,254,119,12,118,76,172,63,140,231,148,197,63,37,212,131,188,234,22,33,86,179,112,36,3,65,224,72,75,178,87,74,144,15,184,27,214,41,33,122,175,179,110,117,203,43,70,145,214,195,245,57,226,221,233,77,180,254,249,37,83,98,189,235,28,126,146,23,172,35,35,33,95,15,71,82,221,44,15,57,234,255,77,215,57,73,255,122,134,147,83,73,176,126,7,69,20,90,148,182,85,171,177,253,93,57,0,208,18,22,85,218,106,110,50,119,242,81,12,222,20,75,56,24,77,114,103,64,126,110,54,254,86,93,166,3,98,144,59,59,194,32,92,216,148,208,221,28,34,232,81,173,20,242,33,197,242,12,96>>}.
{1,43,<<48,57,3,1,18,52,86,120,154,188,222,246,120,144,18,52,86,120,154,188,222,246,120,144>>}.
{1,59,<<48,57,3,1,18,52,86,120,154,188,222,246,120,144,18,52,86,120,154,188,222,246,120,144>>}.
{1,13,<<16,71,101,110,101,114,105,99,32,80,67,32,99,108,111,110,101,10,78,101,116,66,83,68,45,49,46,52>>}.
{1,13,<<2,80,67,6,78,101,116,66,83,68>>}.
{1,45,<<10,0,2,1,3,81,83,121,134,237,53,83,59,96,100,71,142,238,178,123,91,215,77,174,20,155,110,129,186,58,5,33,175,130,171,120,1>>}.
{1,45,<<10,1,2,192,0,2,38,1,3,81,83,121,134,237,53,83,59,96,100,71,142,238,178,123,91,215,77,174,20,155,110,129,186,58,5,33,175,130,171,120,1>>}.
{1,45,<<10,2,2,32,1,13,184,0,0,128,2,0,0,0,0,32,0,0,1,1,3,81,83,121,134,237,53,83,59,96,100,71,142,238,178,123,91,215,77,174,20,155,110,129,186,58,5,33,175,130,171,120,1>>}.
{1,45,<<10,3,2,10,109,121,103,97,116,101,119,97,121,50,0,1,3,81,83,121,134,237,53,83,59,96,100,71,142,238,178,123,91,215,77,174,20,155,110,129,186,58,5,33,175,130,171,120,1>>}.
{1,45,<<10,3,2,10,109,121,103,97,116,101,119,97,121,50,7,101,120,97,109,112,108,101,0,1,3,81,83,121,134,237,53,83,59,96,100,71,142,238,178,123,91,215,77,174,20,155,110,129,186,58,5,33,175,130,171,120,1>>}.
{1,45,<<10,3,2,9,109,121,103,97,116,101,119,97,121,7,101,120,97,109,112,108,101,3,99,111,109,0,1,3,81,83,121,134,237,53,83,59,96,100,71,142,238,178,123,91,215,77,174,20,155,110,129,186,58,5,33,175,130,171,120,1>>}.
{1,25,<<2,0,255,1,1,3,5,15,154,218,115,48,137,29,88,138,180,182,33,88,108,252,132,198,61,80,100,110,158,34,67,7,48,187,195,70,145,203,53,153,174,35,186,139,106,29,25,101,144,86,231,25,168,165,108,16,213,189,212,131,150,226,250,174,118,120,15,102,198,55,26,244,63,197,80,60,255,186,114,22,62,155,236,75,32,107,173,51,200,101,186,44,87,189,175,201,250,165,161,235,148,110,104,142,167,244,5,170,135,79,239>>}.
{1,36,<<0,10,0>>}.
{1,36,<<0,10,3,107,100,99,0>>}.
{1,36,<<0,10,3,107,100,99,7,101,120,97,109,112,108,101,0>>}.
{1,29,<<0,153,37,35,140,232,35,96,133,74,16,160,0,152,154,104>>}.
{1,29,<<0,35,37,35,140,232,35,96,133,74,16,160,0,152,154,104>>}.
{1,29,<<0,35,37,35,140,232,41,60,133,74,16,160,0,152,154,104>>}.
{1,29,<<0,35,37,35,140,232,41,70,133,74,16,160,0,152,154,104>>}.
{1,15,<<0,10,0>>}.
{1,15,<<0,10,4,109,97,105,108,0>>}.
{1,15,<<0,10,4,109,97,105,108,7,101,120,97,109,112,108,101,0>>}.
{1,35,<<0,0,0,0,0,0,0,0>>}.
{1,35,<<255,255,255,255,6,98,108,117,114,103,104,5,98,108,111,114,102,5,98,108,101,103,104,3,102,111,111,0>>}.
{1,2,<<2,110,115,1,115,0>>}.
{1,2,<<2,110,115,1,115,7,101,120,97,109,112,108,101,0>>}.
{1,2,<<3,110,115,49,0>>}.
{1,2,<<3,110,115,49,7,101,120,97,109,112,108,101,0>>}.
{1,2,<<3,110,115,50,0>>}.
{1,2,<<3,110,115,50,7,101,120,97,109,112,108,101,0>>}.
{1,47,<<0,0,6,0,0,0,0,0,1,255,32,0,0,0,0,0,0,0,0,0,0,0,0,0,0,0,0,0,0,0,0,0,0,0,0,0,0,0,0,0,0,0,1>>}.
{1,47,<<0,0,6,0,0,1,0,0,1>>}.
{1,47,<<1,97,6,115,101,99,117,114,101,0,0,6,64,1,0,0,0,3,4,27,0,0,0,0,0,0,0,0,0,0,0,0,0,0,0,0,0,0,0,0,0,0,0,0,0,0,32>>}.
{1,50,<<1,1,0,12,0,20,23,78,178,64,159,226,139,203,72,135,161,131,111,149,127,10,132,37,226,123,0,7,34,1,0,0,0,2,144>>}.
{1,50,<<1,1,0,12,4,170,187,204,221,20,23,78,178,64,159,226,139,203,72,135,161,131,111,149,127,10,132,37,226,123,0,7,34,1,0,0,0,2,144>>}.
{1,51,<<1,1,0,12,0>>}.
{1,51,<<1,1,0,12,4,170,187,204,221>>}.
{1,30,<<0,0,0,0,0,0,0,0,0,0,0,0,0,0,0,0,1>>}.
{1,30,<<0,0,0,1,2>>}.
{1,30,<<0,64>>}.
{1,30,<<1,97,6,115,101,99,117,114,101,0,34,1,0,198>>}.
{1,30,<<1,97,6,115,101,99,117,114,101,7,101,120,97,109,112,108,101,0,34,1,0,198>>}.
{1,12,<<0>>}.
{1,12,<<3,102,111,111,3,110,101,116,0>>}.
{1,12,<<7,101,120,97,109,112,108,101,0>>}.
{1,17,<<0,0>>}.
{1,17,<<10,109,98,111,120,45,100,110,97,109,101,0,9,116,120,116,45,100,110,97,109,101,0>>}.
{1,17,<<10,109,98,111,120,45,100,110,97,109,101,7,101,120,97,109,112,108,101,0,9,116,120,116,45,100,110,97,109,101,7,101,120,97,109,112,108,101,0>>}.
{1,46,<<0,47,1,3,0,0,14,16,94,11,225,0,62,18,47,128,8,95,3,102,111,111,0,51,17,92,111,47,100,255,43,222,116,199,208,128,172,225,31,151,171,208,203,191,188,130,243,227,146,36,178,71,30,20,104,34,88,41,255,27,17,225,106,46,149,2,225,192,160,213,51,225,138,20,214,213,95,72,36,170,65,137,250,255,253,117,83,163,101,119,205,35,17,224,188,105,58,206,248,162,166,9,166>>}.
{1,46,<<0,47,1,3,0,0,14,16,94,11,225,0,62,18,47,128,8,95,3,102,111,111,7,101,120,97,109,112,108,101,0,51,17,92,111,47,100,255,43,222,116,199,208,128,172,225,31,151,171,208,203,191,188,130,243,227,146,36,178,71,30,20,104,34,88,41,255,27,17,225,106,46,149,2,225,192,160,213,51,225,138,20,214,213,95,72,36,170,65,137,250,255,253,117,83,163,101,119,205,35,17,224,188,105,58,206,248,162,166,9,166>>}.
{1,21,<<0,0,17,105,110,116,101,114,109,101,100,105,97,116,101,45,104,111,115,116,0>>}.
{1,21,<<0,0,17,105,110,116,101,114,109,101,100,105,97,116,101,45,104,111,115,116,7,101,120,97,109,112,108,101,0>>}.
{1,21,<<255,255,0>>}.
{1,6,<<3,110,115,49,0,10,104,111,115,116,109,97,115,116,101,114,0,0,0,0,1,0,0,7,208,0,0,7,208,0,27,175,128,0,0,14,16>>}.
{1,99,<<14,118,61,115,112,102,49,32,109,120,32,45,97,108,108>>}.
{1,33,<<0,0,0,0,0,0,0>>}.
{1,33,<<255,255,255,255,255,255,12,111,108,100,45,115,108,111,119,45,98,111,120,7,101,120,97,109,112,108,101,3,99,111,109,0>>}.
{1,44,<<1,1,170,84,155,254,137,132,137,192,45,23,21,217,125,121,197,123,162,250,118,171>>}.
{1,16,<<14,116,120,116,45,110,111,116,45,105,110,45,110,120,116>>}.
{1,16,<<3,102,111,111,3,98,97,114>>}.
{1,16,<<3,102,111,111>>}.
{1,16,<<3,111,110,101>>}.
{1,16,<<3,116,119,111>>}.
{1,16,<<5,116,104,114,101,101>>}.
{1,16,<<5,34,102,111,111,34>>}.
{1,16,<<7,102,111,111,10,98,97,114>>}.
{1,16,<<7,102,111,111,32,98,97,114>>}.
