% -*- mode: Erlang; -*-
%
% These wire samples were produced using dnspython - http://www.dnspython.org/
%
{<<"hmac-md5.sig-alg.reg.int">>, <<12,62,0,0,0,0,0,0,0,0,0,1,3,107,101,121,4,110,97,109,101,0,0,250,0,255,0,0,0,0,0,58,8,104,109,97,99,45,109,100,53,7,115,105,103,45,97,108,103,3,114,101,103,3,105,110,116,0,0,0,77,9,93,191,1,44,0,16,72,54,41,90,233,193,118,164,34,80,80,7,107,177,35,194,12,62,0,0,0,0>>}.
{<<"hmac-sha1">>, <<130,150,0,0,0,0,0,0,0,0,0,1,3,107,101,121,4,110,97,109,101,0,0,250,0,255,0,0,0,0,0,47,9,104,109,97,99,45,115,104,97,49,0,0,0,77,9,93,191,1,44,0,20,35,89,30,50,43,2,142,145,116,141,67,80,85,159,120,48,103,109,83,52,130,150,0,0,0,0>>}.
{<<"hmac-sha224">>, <<54,79,0,0,0,0,0,0,0,0,0,1,3,107,101,121,4,110,97,109,101,0,0,250,0,255,0,0,0,0,0,57,11,104,109,97,99,45,115,104,97,50,50,52,0,0,0,77,9,93,191,1,44,0,28,187,51,119,67,83,204,221,122,197,95,188,121,124,0,236,123,188,225,124,88,186,16,165,87,53,87,89,209,54,79,0,0,0,0>>}.
{<<"hmac-sha256">>, <<2,225,0,0,0,0,0,0,0,0,0,1,3,107,101,121,4,110,97,109,101,0,0,250,0,255,0,0,0,0,0,61,11,104,109,97,99,45,115,104,97,50,53,54,0,0,0,77,9,93,191,1,44,0,32,151,100,139,51,59,96,39,145,188,107,112,214,238,23,158,247,145,191,204,88,237,226,107,157,62,149,144,241,208,219,52,108,2,225,0,0,0,0>>}.
{<<"hmac-sha384">>, <<3,238,0,0,0,0,0,0,0,0,0,1,3,107,101,121,4,110,97,109,101,0,0,250,0,255,0,0,0,0,0,77,11,104,109,97,99,45,115,104,97,51,56,52,0,0,0,77,9,93,191,1,44,0,48,85,250,35,211,56,52,67,171,3,61,134,27,83,169,28,172,116,127,234,56,3,163,74,173,241,196,59,73,86,211,62,144,169,159,195,145,231,239,62,149,0,123,45,168,201,183,146,196,3,238,0,0,0,0>>}.
{<<"hmac-sha512">>, <<101,75,0,0,0,0,0,0,0,0,0,1,3,107,101,121,4,110,97,109,101,0,0,250,0,255,0,0,0,0,0,93,11,104,109,97,99,45,115,104,97,53,49,50,0,0,0,77,9,93,191,1,44,0,64,162,8,7,116,169,216,139,86,56,41,241,99,145,189,90,218,200,246,55,237,180,156,46,151,211,62,88,33,23,191,253,172,132,52,8,196,213,251,5,8,138,121,118,190,148,189,147,11,162,201,227,215,154,34,81,221,192,228,221,181,188,86,42,143,101,75,0,0,0,0>>}.
